%YAML:1.0
---
extrinsicRotation: !!opencv-matrix
   rows: 3
   cols: 3
   dt: d
   data: [ 3.4869401931372224e-03, -9.9994870031424743e-01,
       -9.5098889550318793e-03, 9.9988978454839950e-01,
       3.3491784765765642e-03, 1.4463808602425732e-02,
       -1.4431216298186814e-02, -9.5592752538876703e-03,
       9.9985016890170864e-01 ]
extrinsicTranslation: !!opencv-matrix
   rows: 3
   cols: 1
   dt: d
   data: [ -1.3655803466095970e-02, 6.7898873998831141e-03,
       6.2361077948157859e-02 ]
